fx: 908.42724609375
fy: 908.1102294921875
cx: 645.1728515625
cy: 370.7362060546875
width: 1280
height: 720
camera_matrix:
  rows: 3
  cols: 3
  data:
  - 908.42724609375
  - 0.0
  - 645.1728515625
  - 0.0
  - 908.1102294921875
  - 370.7362060546875
  - 0.0
  - 0.0
  - 1.0
distortion:
  model: plumb_bob
  data:
  - 0.0
  - 0.0
  - 0.0
  - 0.0
  - 0.0
